{
 "cells": [
  {
   "cell_type": "markdown",
   "id": "da5af1b7",
   "metadata": {},
   "source": [
    "## Modelo de regresi칩n lineal de fires.csv"
   ]
  },
  {
   "cell_type": "code",
   "execution_count": 38,
   "id": "1b0d2f43",
   "metadata": {},
   "outputs": [
    {
     "name": "stdout",
     "output_type": "stream",
     "text": [
      "                id  superficie       fecha  idcomunidad  idprovincia  \\\n",
      "0       1968290001       14.00  1968-01-01            4           29   \n",
      "1       1968430003        3.00  1968-01-03            2           43   \n",
      "2       1968290006        2.00  1968-01-06            4           29   \n",
      "3       1968120007        8.20  1968-01-07            9           12   \n",
      "4       1968430016      600.00  1968-01-07            2           43   \n",
      "...            ...         ...         ...          ...          ...   \n",
      "292176  2023300134        2.15  2023-10-16            8           30   \n",
      "292177  2023300129        4.70  2023-10-19            8           30   \n",
      "292178  2023300128        1.18  2023-11-27            8           30   \n",
      "292179  2023300130        1.03  2023-12-02            8           30   \n",
      "292180  2023300141        1.80  2023-12-08            8           30   \n",
      "\n",
      "        idmunicipio      municipio  causa  muertos  heridos  personal  medios  \\\n",
      "0                 0  INDETERMINADO      2        0        0         0       0   \n",
      "1                 0  INDETERMINADO      5        0        0         0       0   \n",
      "2                 0  INDETERMINADO      5        0        0         0       0   \n",
      "3                 0  INDETERMINADO      3        0        0         0       0   \n",
      "4                 0  INDETERMINADO      3        0        0        35       1   \n",
      "...             ...            ...    ...      ...      ...       ...     ...   \n",
      "292176           22        JUMILLA      2        0        0        42       6   \n",
      "292177           16      CARTAGENA      3        0        0        35       7   \n",
      "292178           22        JUMILLA      2        0        0        24       4   \n",
      "292179           29           MULA      4        0        0         9       1   \n",
      "292180           16      CARTAGENA      4        0        0        10       2   \n",
      "\n",
      "        gastos  perdidas  \n",
      "0            0         0  \n",
      "1            0         0  \n",
      "2            0         0  \n",
      "3            0         0  \n",
      "4            0         0  \n",
      "...        ...       ...  \n",
      "292176       0         0  \n",
      "292177       0         0  \n",
      "292178       0         0  \n",
      "292179       0         0  \n",
      "292180       0         0  \n",
      "\n",
      "[292181 rows x 14 columns]\n"
     ]
    }
   ],
   "source": [
    "# Importar librerias\n",
    "import pandas as pd\n",
    "import numpy as np\n",
    "import matplotlib.pyplot as plt\n",
    "import sklearn as sk\n",
    "from sklearn.model_selection import train_test_split\n",
    "from sklearn.linear_model import LinearRegression\n",
    "from sklearn.metrics import r2_score, mean_absolute_error, mean_squared_error\n",
    "\n",
    "# Crear dataframe\n",
    "df_fuego = pd.read_csv(\"fires-all.csv\", sep=\",\")\n",
    "df_fuego.drop(columns=[\"lat\", \"lng\", \"latlng_explicit\", \"time_ctrl\", \"time_ext\", \"causa_supuesta\", \"causa_desc\"], inplace=True)\n",
    "\n",
    "# Mostrar dataframe\n",
    "print(df_fuego)"
   ]
  },
  {
   "cell_type": "markdown",
   "id": "8904a453",
   "metadata": {},
   "source": [
    "Una vez limpio el df, ya podremos trabajar m치s comodamente. Para ello primero vamos a encontrar relaciones"
   ]
  },
  {
   "cell_type": "code",
   "execution_count": 37,
   "id": "255d1b4a",
   "metadata": {},
   "outputs": [
    {
     "data": {
      "text/html": [
       "<div>\n",
       "<style scoped>\n",
       "    .dataframe tbody tr th:only-of-type {\n",
       "        vertical-align: middle;\n",
       "    }\n",
       "\n",
       "    .dataframe tbody tr th {\n",
       "        vertical-align: top;\n",
       "    }\n",
       "\n",
       "    .dataframe thead th {\n",
       "        text-align: right;\n",
       "    }\n",
       "</style>\n",
       "<table border=\"1\" class=\"dataframe\">\n",
       "  <thead>\n",
       "    <tr style=\"text-align: right;\">\n",
       "      <th></th>\n",
       "      <th>id</th>\n",
       "      <th>superficie</th>\n",
       "      <th>idcomunidad</th>\n",
       "      <th>idprovincia</th>\n",
       "      <th>idmunicipio</th>\n",
       "      <th>causa</th>\n",
       "      <th>causa_supuesta</th>\n",
       "      <th>causa_desc</th>\n",
       "      <th>muertos</th>\n",
       "      <th>heridos</th>\n",
       "      <th>time_ctrl</th>\n",
       "      <th>time_ext</th>\n",
       "      <th>personal</th>\n",
       "      <th>medios</th>\n",
       "      <th>gastos</th>\n",
       "      <th>perdidas</th>\n",
       "    </tr>\n",
       "  </thead>\n",
       "  <tbody>\n",
       "    <tr>\n",
       "      <th>id</th>\n",
       "      <td>1.000000</td>\n",
       "      <td>-0.027643</td>\n",
       "      <td>0.111442</td>\n",
       "      <td>0.074023</td>\n",
       "      <td>0.242536</td>\n",
       "      <td>-0.099376</td>\n",
       "      <td>-0.464722</td>\n",
       "      <td>-0.134647</td>\n",
       "      <td>0.001143</td>\n",
       "      <td>0.015433</td>\n",
       "      <td>0.159214</td>\n",
       "      <td>0.033351</td>\n",
       "      <td>-0.002281</td>\n",
       "      <td>0.244124</td>\n",
       "      <td>0.037192</td>\n",
       "      <td>0.020034</td>\n",
       "    </tr>\n",
       "    <tr>\n",
       "      <th>superficie</th>\n",
       "      <td>-0.027643</td>\n",
       "      <td>1.000000</td>\n",
       "      <td>0.020386</td>\n",
       "      <td>-0.009877</td>\n",
       "      <td>0.023120</td>\n",
       "      <td>-0.018394</td>\n",
       "      <td>0.003545</td>\n",
       "      <td>0.008648</td>\n",
       "      <td>0.167830</td>\n",
       "      <td>0.186601</td>\n",
       "      <td>0.194526</td>\n",
       "      <td>0.301115</td>\n",
       "      <td>0.439172</td>\n",
       "      <td>0.305015</td>\n",
       "      <td>0.153816</td>\n",
       "      <td>0.426223</td>\n",
       "    </tr>\n",
       "    <tr>\n",
       "      <th>idcomunidad</th>\n",
       "      <td>0.111442</td>\n",
       "      <td>0.020386</td>\n",
       "      <td>1.000000</td>\n",
       "      <td>-0.084875</td>\n",
       "      <td>0.344693</td>\n",
       "      <td>-0.137316</td>\n",
       "      <td>-0.107860</td>\n",
       "      <td>-0.087970</td>\n",
       "      <td>0.002355</td>\n",
       "      <td>0.008892</td>\n",
       "      <td>0.018814</td>\n",
       "      <td>0.041999</td>\n",
       "      <td>0.059243</td>\n",
       "      <td>0.024487</td>\n",
       "      <td>-0.010634</td>\n",
       "      <td>-0.004994</td>\n",
       "    </tr>\n",
       "    <tr>\n",
       "      <th>idprovincia</th>\n",
       "      <td>0.074023</td>\n",
       "      <td>-0.009877</td>\n",
       "      <td>-0.084875</td>\n",
       "      <td>1.000000</td>\n",
       "      <td>-0.028322</td>\n",
       "      <td>0.058694</td>\n",
       "      <td>-0.005620</td>\n",
       "      <td>-0.023380</td>\n",
       "      <td>0.000269</td>\n",
       "      <td>-0.012418</td>\n",
       "      <td>-0.001650</td>\n",
       "      <td>-0.033742</td>\n",
       "      <td>-0.074988</td>\n",
       "      <td>-0.069813</td>\n",
       "      <td>0.009942</td>\n",
       "      <td>0.002236</td>\n",
       "    </tr>\n",
       "    <tr>\n",
       "      <th>idmunicipio</th>\n",
       "      <td>0.242536</td>\n",
       "      <td>0.023120</td>\n",
       "      <td>0.344693</td>\n",
       "      <td>-0.028322</td>\n",
       "      <td>1.000000</td>\n",
       "      <td>-0.113088</td>\n",
       "      <td>-0.105906</td>\n",
       "      <td>-0.035812</td>\n",
       "      <td>0.003484</td>\n",
       "      <td>0.016970</td>\n",
       "      <td>0.043232</td>\n",
       "      <td>0.017611</td>\n",
       "      <td>0.068906</td>\n",
       "      <td>0.113401</td>\n",
       "      <td>0.005713</td>\n",
       "      <td>0.018567</td>\n",
       "    </tr>\n",
       "    <tr>\n",
       "      <th>causa</th>\n",
       "      <td>-0.099376</td>\n",
       "      <td>-0.018394</td>\n",
       "      <td>-0.137316</td>\n",
       "      <td>0.058694</td>\n",
       "      <td>-0.113088</td>\n",
       "      <td>1.000000</td>\n",
       "      <td>0.043633</td>\n",
       "      <td>-0.188009</td>\n",
       "      <td>-0.007382</td>\n",
       "      <td>-0.018564</td>\n",
       "      <td>-0.030027</td>\n",
       "      <td>-0.024439</td>\n",
       "      <td>-0.074774</td>\n",
       "      <td>-0.099698</td>\n",
       "      <td>-0.015298</td>\n",
       "      <td>-0.008382</td>\n",
       "    </tr>\n",
       "    <tr>\n",
       "      <th>causa_supuesta</th>\n",
       "      <td>-0.464722</td>\n",
       "      <td>0.003545</td>\n",
       "      <td>-0.107860</td>\n",
       "      <td>-0.005620</td>\n",
       "      <td>-0.105906</td>\n",
       "      <td>0.043633</td>\n",
       "      <td>1.000000</td>\n",
       "      <td>0.184861</td>\n",
       "      <td>-0.001713</td>\n",
       "      <td>-0.016872</td>\n",
       "      <td>-0.085230</td>\n",
       "      <td>-0.044048</td>\n",
       "      <td>-0.033750</td>\n",
       "      <td>-0.159161</td>\n",
       "      <td>-0.021629</td>\n",
       "      <td>-0.012381</td>\n",
       "    </tr>\n",
       "    <tr>\n",
       "      <th>causa_desc</th>\n",
       "      <td>-0.134647</td>\n",
       "      <td>0.008648</td>\n",
       "      <td>-0.087970</td>\n",
       "      <td>-0.023380</td>\n",
       "      <td>-0.035812</td>\n",
       "      <td>-0.188009</td>\n",
       "      <td>0.184861</td>\n",
       "      <td>1.000000</td>\n",
       "      <td>0.000092</td>\n",
       "      <td>0.003476</td>\n",
       "      <td>-0.014725</td>\n",
       "      <td>0.013967</td>\n",
       "      <td>0.023871</td>\n",
       "      <td>0.014485</td>\n",
       "      <td>0.000658</td>\n",
       "      <td>0.000527</td>\n",
       "    </tr>\n",
       "    <tr>\n",
       "      <th>muertos</th>\n",
       "      <td>0.001143</td>\n",
       "      <td>0.167830</td>\n",
       "      <td>0.002355</td>\n",
       "      <td>0.000269</td>\n",
       "      <td>0.003484</td>\n",
       "      <td>-0.007382</td>\n",
       "      <td>-0.001713</td>\n",
       "      <td>0.000092</td>\n",
       "      <td>1.000000</td>\n",
       "      <td>0.106164</td>\n",
       "      <td>0.035539</td>\n",
       "      <td>0.059053</td>\n",
       "      <td>0.084680</td>\n",
       "      <td>0.066929</td>\n",
       "      <td>0.043601</td>\n",
       "      <td>0.124211</td>\n",
       "    </tr>\n",
       "    <tr>\n",
       "      <th>heridos</th>\n",
       "      <td>0.015433</td>\n",
       "      <td>0.186601</td>\n",
       "      <td>0.008892</td>\n",
       "      <td>-0.012418</td>\n",
       "      <td>0.016970</td>\n",
       "      <td>-0.018564</td>\n",
       "      <td>-0.016872</td>\n",
       "      <td>0.003476</td>\n",
       "      <td>0.106164</td>\n",
       "      <td>1.000000</td>\n",
       "      <td>0.098873</td>\n",
       "      <td>0.119689</td>\n",
       "      <td>0.247234</td>\n",
       "      <td>0.219242</td>\n",
       "      <td>0.062579</td>\n",
       "      <td>0.240349</td>\n",
       "    </tr>\n",
       "    <tr>\n",
       "      <th>time_ctrl</th>\n",
       "      <td>0.159214</td>\n",
       "      <td>0.194526</td>\n",
       "      <td>0.018814</td>\n",
       "      <td>-0.001650</td>\n",
       "      <td>0.043232</td>\n",
       "      <td>-0.030027</td>\n",
       "      <td>-0.085230</td>\n",
       "      <td>-0.014725</td>\n",
       "      <td>0.035539</td>\n",
       "      <td>0.098873</td>\n",
       "      <td>1.000000</td>\n",
       "      <td>0.614463</td>\n",
       "      <td>0.199988</td>\n",
       "      <td>0.265242</td>\n",
       "      <td>0.086738</td>\n",
       "      <td>0.132504</td>\n",
       "    </tr>\n",
       "    <tr>\n",
       "      <th>time_ext</th>\n",
       "      <td>0.033351</td>\n",
       "      <td>0.301115</td>\n",
       "      <td>0.041999</td>\n",
       "      <td>-0.033742</td>\n",
       "      <td>0.017611</td>\n",
       "      <td>-0.024439</td>\n",
       "      <td>-0.044048</td>\n",
       "      <td>0.013967</td>\n",
       "      <td>0.059053</td>\n",
       "      <td>0.119689</td>\n",
       "      <td>0.614463</td>\n",
       "      <td>1.000000</td>\n",
       "      <td>0.337066</td>\n",
       "      <td>0.325721</td>\n",
       "      <td>0.086578</td>\n",
       "      <td>0.133747</td>\n",
       "    </tr>\n",
       "    <tr>\n",
       "      <th>personal</th>\n",
       "      <td>-0.002281</td>\n",
       "      <td>0.439172</td>\n",
       "      <td>0.059243</td>\n",
       "      <td>-0.074988</td>\n",
       "      <td>0.068906</td>\n",
       "      <td>-0.074774</td>\n",
       "      <td>-0.033750</td>\n",
       "      <td>0.023871</td>\n",
       "      <td>0.084680</td>\n",
       "      <td>0.247234</td>\n",
       "      <td>0.199988</td>\n",
       "      <td>0.337066</td>\n",
       "      <td>1.000000</td>\n",
       "      <td>0.617663</td>\n",
       "      <td>0.165814</td>\n",
       "      <td>0.238585</td>\n",
       "    </tr>\n",
       "    <tr>\n",
       "      <th>medios</th>\n",
       "      <td>0.244124</td>\n",
       "      <td>0.305015</td>\n",
       "      <td>0.024487</td>\n",
       "      <td>-0.069813</td>\n",
       "      <td>0.113401</td>\n",
       "      <td>-0.099698</td>\n",
       "      <td>-0.159161</td>\n",
       "      <td>0.014485</td>\n",
       "      <td>0.066929</td>\n",
       "      <td>0.219242</td>\n",
       "      <td>0.265242</td>\n",
       "      <td>0.325721</td>\n",
       "      <td>0.617663</td>\n",
       "      <td>1.000000</td>\n",
       "      <td>0.178938</td>\n",
       "      <td>0.225072</td>\n",
       "    </tr>\n",
       "    <tr>\n",
       "      <th>gastos</th>\n",
       "      <td>0.037192</td>\n",
       "      <td>0.153816</td>\n",
       "      <td>-0.010634</td>\n",
       "      <td>0.009942</td>\n",
       "      <td>0.005713</td>\n",
       "      <td>-0.015298</td>\n",
       "      <td>-0.021629</td>\n",
       "      <td>0.000658</td>\n",
       "      <td>0.043601</td>\n",
       "      <td>0.062579</td>\n",
       "      <td>0.086738</td>\n",
       "      <td>0.086578</td>\n",
       "      <td>0.165814</td>\n",
       "      <td>0.178938</td>\n",
       "      <td>1.000000</td>\n",
       "      <td>0.162623</td>\n",
       "    </tr>\n",
       "    <tr>\n",
       "      <th>perdidas</th>\n",
       "      <td>0.020034</td>\n",
       "      <td>0.426223</td>\n",
       "      <td>-0.004994</td>\n",
       "      <td>0.002236</td>\n",
       "      <td>0.018567</td>\n",
       "      <td>-0.008382</td>\n",
       "      <td>-0.012381</td>\n",
       "      <td>0.000527</td>\n",
       "      <td>0.124211</td>\n",
       "      <td>0.240349</td>\n",
       "      <td>0.132504</td>\n",
       "      <td>0.133747</td>\n",
       "      <td>0.238585</td>\n",
       "      <td>0.225072</td>\n",
       "      <td>0.162623</td>\n",
       "      <td>1.000000</td>\n",
       "    </tr>\n",
       "  </tbody>\n",
       "</table>\n",
       "</div>"
      ],
      "text/plain": [
       "                      id  superficie  idcomunidad  idprovincia  idmunicipio  \\\n",
       "id              1.000000   -0.027643     0.111442     0.074023     0.242536   \n",
       "superficie     -0.027643    1.000000     0.020386    -0.009877     0.023120   \n",
       "idcomunidad     0.111442    0.020386     1.000000    -0.084875     0.344693   \n",
       "idprovincia     0.074023   -0.009877    -0.084875     1.000000    -0.028322   \n",
       "idmunicipio     0.242536    0.023120     0.344693    -0.028322     1.000000   \n",
       "causa          -0.099376   -0.018394    -0.137316     0.058694    -0.113088   \n",
       "causa_supuesta -0.464722    0.003545    -0.107860    -0.005620    -0.105906   \n",
       "causa_desc     -0.134647    0.008648    -0.087970    -0.023380    -0.035812   \n",
       "muertos         0.001143    0.167830     0.002355     0.000269     0.003484   \n",
       "heridos         0.015433    0.186601     0.008892    -0.012418     0.016970   \n",
       "time_ctrl       0.159214    0.194526     0.018814    -0.001650     0.043232   \n",
       "time_ext        0.033351    0.301115     0.041999    -0.033742     0.017611   \n",
       "personal       -0.002281    0.439172     0.059243    -0.074988     0.068906   \n",
       "medios          0.244124    0.305015     0.024487    -0.069813     0.113401   \n",
       "gastos          0.037192    0.153816    -0.010634     0.009942     0.005713   \n",
       "perdidas        0.020034    0.426223    -0.004994     0.002236     0.018567   \n",
       "\n",
       "                   causa  causa_supuesta  causa_desc   muertos   heridos  \\\n",
       "id             -0.099376       -0.464722   -0.134647  0.001143  0.015433   \n",
       "superficie     -0.018394        0.003545    0.008648  0.167830  0.186601   \n",
       "idcomunidad    -0.137316       -0.107860   -0.087970  0.002355  0.008892   \n",
       "idprovincia     0.058694       -0.005620   -0.023380  0.000269 -0.012418   \n",
       "idmunicipio    -0.113088       -0.105906   -0.035812  0.003484  0.016970   \n",
       "causa           1.000000        0.043633   -0.188009 -0.007382 -0.018564   \n",
       "causa_supuesta  0.043633        1.000000    0.184861 -0.001713 -0.016872   \n",
       "causa_desc     -0.188009        0.184861    1.000000  0.000092  0.003476   \n",
       "muertos        -0.007382       -0.001713    0.000092  1.000000  0.106164   \n",
       "heridos        -0.018564       -0.016872    0.003476  0.106164  1.000000   \n",
       "time_ctrl      -0.030027       -0.085230   -0.014725  0.035539  0.098873   \n",
       "time_ext       -0.024439       -0.044048    0.013967  0.059053  0.119689   \n",
       "personal       -0.074774       -0.033750    0.023871  0.084680  0.247234   \n",
       "medios         -0.099698       -0.159161    0.014485  0.066929  0.219242   \n",
       "gastos         -0.015298       -0.021629    0.000658  0.043601  0.062579   \n",
       "perdidas       -0.008382       -0.012381    0.000527  0.124211  0.240349   \n",
       "\n",
       "                time_ctrl  time_ext  personal    medios    gastos  perdidas  \n",
       "id               0.159214  0.033351 -0.002281  0.244124  0.037192  0.020034  \n",
       "superficie       0.194526  0.301115  0.439172  0.305015  0.153816  0.426223  \n",
       "idcomunidad      0.018814  0.041999  0.059243  0.024487 -0.010634 -0.004994  \n",
       "idprovincia     -0.001650 -0.033742 -0.074988 -0.069813  0.009942  0.002236  \n",
       "idmunicipio      0.043232  0.017611  0.068906  0.113401  0.005713  0.018567  \n",
       "causa           -0.030027 -0.024439 -0.074774 -0.099698 -0.015298 -0.008382  \n",
       "causa_supuesta  -0.085230 -0.044048 -0.033750 -0.159161 -0.021629 -0.012381  \n",
       "causa_desc      -0.014725  0.013967  0.023871  0.014485  0.000658  0.000527  \n",
       "muertos          0.035539  0.059053  0.084680  0.066929  0.043601  0.124211  \n",
       "heridos          0.098873  0.119689  0.247234  0.219242  0.062579  0.240349  \n",
       "time_ctrl        1.000000  0.614463  0.199988  0.265242  0.086738  0.132504  \n",
       "time_ext         0.614463  1.000000  0.337066  0.325721  0.086578  0.133747  \n",
       "personal         0.199988  0.337066  1.000000  0.617663  0.165814  0.238585  \n",
       "medios           0.265242  0.325721  0.617663  1.000000  0.178938  0.225072  \n",
       "gastos           0.086738  0.086578  0.165814  0.178938  1.000000  0.162623  \n",
       "perdidas         0.132504  0.133747  0.238585  0.225072  0.162623  1.000000  "
      ]
     },
     "execution_count": 37,
     "metadata": {},
     "output_type": "execute_result"
    }
   ],
   "source": [
    "# Buscar correlaciones para m치s tarde entrenar el modelo\n",
    "df_fuego.corr(numeric_only=True)"
   ]
  },
  {
   "cell_type": "code",
   "execution_count": null,
   "id": "6ed17590",
   "metadata": {},
   "outputs": [
    {
     "data": {
      "text/plain": [
       "Text(0.5, 1.0, 'Gr치fica entre superficie y gasto')"
      ]
     },
     "execution_count": 39,
     "metadata": {},
     "output_type": "execute_result"
    },
    {
     "data": {
